1471244287 996900926
736752838 272263570
3155118065 1125558603
2317488487 1701447728
324120314 710072586
460941952 384063648
2711952926 2315447579
1619578487 2474267820
15112068 1196240489
73907094 1007305032
699853749 1304759783
1519550404 254711923
1842523797 2427570099
2482914968 1480455266
2563146535 1415181154
2757030117 54380513
335742976 3038638636
2446538180 3194809340
1894424362 2425185657
2875565509 2329534453
2178769863 3067315543
326943740 1997751907
1865264042 2206407867
3093533183 842510312
2142807109 609990833
2242961226 1665036860
3018686826 1236021332
2099455565 88006957
188253762 1784132343
2898234354 2167183307
70384170 991174486
380847647 2893012744
2266261688 2957467531
1912765173 2681413483
705075155 757920162
2095593148 841524079
656389025 1023892105
614730562 1414806733
2178925541 236223688
1271271105 1249528328
2524393452 1140744151
2194579078 3174065292
695613410 477923291
2809210394 240432792
492286976 3243437299
2805191854 1894544837
1676350583 121211794
2797903555 1911341527
2953056647 2130884437
953284978 40230928
1632132343 2205841524
2923839716 2608100889
1598458747 2728907779
1994416176 748473402
2391304111 1161877069
1886388960 2294531427
344014530 2782461644
1608688668 2508253659
311186467 1111940451
2285982771 1038142386
2211862904 2941844061
3121764503 3281224963
1839646470 986893021
1225721478 2837566804
1675185671 2490482843
3017643439 1061885152
282016671 1156865261
1962424095 2255440314
3161293718 64459018
363954553 805101537
230109168 310221263
1022399759 80431963
3084831001 2869315631
61261702 3176622680
1858907059 2814793786
2791043589 425019852
2331599990 1184285896
1517305503 619713120
3025333723 3071983796
2582500372 2538185190
2086183562 2652762426
387862384 3036023339
1341917932 1806182102
2070420303 2474892898
345041296 1414118776
58792178 1302850538
2663993701 285325677
852572335 2854056485
442329279 195294951
2534168987 1281570508
444793346 3212111075
3140678390 1989550323
119084277 3105984338
342104865 2600997682
736257573 71909895
1383283437 400836608
2024398814 198698891
3009560402 1037131059
1144848139 2159153652
1293992769 425581022
3177074150 31457328
1590072680 1445971308
378712268 3177387722
3261871957 2031309728
2114566748 2154988009
896173996 1537812273
1686161572 2437742749
1026951610 3035889592
2546012725 784240301
2413350591 3018349753
2517398028 2038661519
2515876353 2379330516
1760094289 1762945331
1892335618 34651583
3273835401 761399607
54457036 2453509953
1250357295 2253728900
3167046311 2358586080
3268433194 3237942984
42251470 2090231186
2012407125 63306566
2921228807 300402946
469772305 1989763657
2082573894 1784219638
335191113 3109527112
1558397548 855971590
1052285544 1031905540
3229428952 2485103726
3078370946 3025639771
3058195381 286450514
573171283 1622421706
344812921 1715253738
2253166919 2680886480
267349330 1225580195
1506121043 2611010399
2168029846 235739536
1127966670 2490157092
2736926699 2125957165
2785815196 554392919
2697182030 1875269802
2752847162 200716528
919172729 1965535122
1959355514 1383610526
929120284 1756099416
1412570350 981184116
2918442856 2445874562
1554950690 1931804405
3257840312 3280095278
3204501852 2148844087
636571354 1341879605
190395544 15706179
2028141736 1713668624
2089706031 1342683172
3240044448 1174659409
2965689115 469813169
1244157442 200007200
1525179734 1204967760
1527938483 3298952292
361091442 1661114356
3115517162 3298057360
1541601951 687489065
3238029087 1088327507
539484209 1001996551
2573552786 361033386
1319864889 3195858467
2554011746 1485843568
2874500431 2249503071
422000206 2236208260
1279331734 1516107289
2912335387 1998525
1300981405 2122468615
3312958316 818791605
830202076 1866968115
2946174092 2592735659
980355414 216649161
2322463877 1130557478
2563814984 1394148389
2990025378 2569028891
883780675 349877252
150094245 786931871
1602192466 2684955207
2861067401 2229158960
1322678158 799150034
621178079 3198057328
668024074 1334006186
853072070 994496245
1271270272 3046425260
1101134125 3201773658
1288256646 2035326996
2275981529 1231492726
53313036 2035797808
3190012396 1647688040
1589456991 1259001154
1346948664 946981508
3006699350 2376699741
498544992 1493047697
3168476016 605978870
2524268617 3012483737
1301972982 843727678
1635986212 479105080
1802850157 3188859850
217477566 132778857
118905919 500878145
2930182803 272371392
1204660882 1081878900
2875748877 1721640906
613190337 94709393
1720887243 2091609346
856320969 725341572
2325288340 1940544401
1727232468 2613300368
275463694 3096395271
1791736261 2566351235
552368657 1479027966
2069618552 1272661220
1721324444 2990203713
1867286525 65731606
3003944361 386694990
2684564710 3086997383
1765345636 325571894
3283668902 396621473
3047847012 343121915
2114328308 786503940
1556944708 2345589627
571765290 1074219219
2793427202 745057746
2585638524 556920599
2658338248 60127478
575975579 2361928245
3312870346 3088953816
1077760625 2282171612
1433790303 189874104
